5.758467208158862860e+01 3.455629417289395633e+01
0.000000000000000000e+00 0.000000000000000000e+00
0.000000000000000000e+00 7.000000000000000000e+01
1.830188276502337601e+02 3.630932390797589449e+01
1.205978045550353954e+02 2.067547201817495406e+01
1.203335853776835478e+02 5.002644599048223739e+01
4.304990790986507676e+01 4.831769408668053245e+01
5.442152918819913054e+01 1.479193169517200701e+01
3.809759283857520984e+01 3.912676895034314839e+01
4.177104870134807868e+01 2.228580874228881470e+01
4.651872777593327157e+01 1.787755400047932497e+01
5.034312407813745693e+01 5.321629094750504407e+01
3.778323085821669736e+01 3.163423623504769466e+01
3.849486678331022205e+01 2.853841823626935437e+01
6.046037775477142873e+01 1.474806825546238187e+01
3.847141222363895707e+01 4.049925595278733681e+01
4.917141198138816804e+01 1.639445088535404338e+01
5.397130008630776388e+01 5.424332137200413229e+01
4.521563000087607520e+01 5.029294868140833330e+01
6.108550183643902187e+01 5.426364529226913191e+01
2.400000000000000000e+02 0.000000000000000000e+00
2.400000000000000000e+02 7.000000000000000000e+01
1.944361426496331831e+02 1.986911663071588308e+01
2.020728022626839504e+02 3.017894475307136304e+01
2.028856889825139262e+02 3.874721601361446233e+01
1.862938907279498721e+02 5.605544907094810725e+01
1.931453908201773970e+02 5.357455531331549992e+01
1.986419789557256195e+02 4.882142366782801446e+01
1.970194746700158532e+02 5.061377706572541513e+01
1.914815757222258981e+02 1.817048733600202581e+01
1.982087972181781765e+02 2.327474214868239955e+01
2.023021946279767747e+02 3.094394832778826299e+01
2.026296399909410866e+02 4.031576078534518359e+01
1.858739423644933026e+02 1.649811957600247325e+01
1.799551207214955753e+02 1.652930376214223429e+01
1.815615574534740233e+02 5.627208575819139469e+01
1.215761227578581867e+02 1.590034198331589721e+01
1.193199780359432793e+02 1.332533333728197178e+01
1.195233870710813591e+02 5.483295741351728481e+01
1.219134942533806623e+02 5.731762334299176587e+01
3.911931288102692150e+01 5.120029639623699325e+01
3.789347241640916053e+01 5.370922005277606104e+01
1.976404825651417241e+02 1.619608259035277342e+01
1.982412649100340616e+02 1.345207495836747569e+01
5.314029581196874119e+01 1.008901617483563484e+01
5.378367648623482467e+01 7.358862129248977979e+00
2.065145324283635375e+02 2.817145714636505716e+01
2.093169482465363274e+02 2.839576551197135146e+01
3.328340013137763265e+01 3.989000019561098043e+01
3.104406486153268219e+01 4.155681469442548348e+01
2.077568662707049327e+02 3.892215938387941776e+01
2.101741082420945190e+02 4.033980005781087641e+01
3.754774686738813472e+01 1.985214997922073721e+01
3.600679835154277697e+01 1.754969249096814110e+01
1.867509946976027209e+02 6.090828631494414935e+01
1.883050415310413541e+02 6.323964364574067076e+01
4.341917947227416619e+01 1.411566967622486501e+01
4.279791521379956976e+01 1.141126193170278569e+01
1.953664547475043207e+02 5.791343171009319946e+01
1.975837941351077518e+02 5.957105056098055229e+01
4.892119562833674706e+01 5.787859647582843081e+01
4.691642492260658770e+01 5.984313877575176832e+01
2.023692392902274548e+02 5.196252279944370400e+01
2.050967329588316659e+02 5.256221636465591018e+01
3.304395777092111786e+01 3.049482236826210979e+01
3.033953197657516299e+01 3.113551166105630941e+01
2.006990497987031574e+02 5.381060365284791658e+01
3.382961849029609880e+01 2.712617473024204529e+01
1.935755661858846111e+02 1.376887657471317894e+01
6.083341655159244254e+01 9.888046093799557568e+00
2.019686310469160162e+02 2.017270685938182240e+01
3.384051704159956842e+01 4.202036843013798517e+01
2.069626675700143892e+02 2.951602490115688582e+01
4.703795536058296989e+01 1.201183337946444851e+01
2.074344838926123771e+02 4.113579031917889495e+01
5.299448546358080847e+01 5.901875921042421425e+01
1.868102504355686904e+02 1.171457480754608049e+01
4.217570752759115749e+01 5.410317763938510893e+01
1.798102129565999405e+02 1.165714047511454865e+01
6.143448329370276895e+01 5.912545414271497179e+01
1.814413898270789218e+02 6.114492200593808491e+01
